[H[2JCoinbase LTC SELL PRICE: 
177.78
177.78
177.78
177.78
177.78
177.78
177.80
177.80
177.80
177.80
177.80
177.80
177.80
177.80
177.80
177.80
177.80
177.80
177.90
177.90
177.90
177.90
177.90
177.90
178.17
178.17
178.17
178.17
178.17
178.17
178.18
178.18
178.18
178.18
178.18
178.19
178.19
178.19
178.19
178.19
178.19
178.45
178.45
178.45
178.45
178.45
178.45
178.87
178.87
178.87
178.87
178.87
178.87
179.38
179.38
179.38
179.38
179.38
179.38
179.62
179.62
179.62
179.62
179.62
179.62
179.62
179.62
179.62
179.62
179.62
179.62
179.01
179.01
179.01
179.01
179.01
179.01
179.22
179.22
179.22
179.22
179.22
178.95
178.95
178.95
178.95
178.95
178.95
179.08
179.08
179.08
179.08
179.08
179.08
179.08
179.08
179.08
179.08
179.08
179.08
179.08
179.08
179.08
179.08
179.08
179.08
179.08
179.08
179.08
179.08
179.08
179.08
179.08
179.08
179.08
179.08
179.08
179.08
179.08
179.08
179.08
179.08
179.08
178.31
178.31
178.31
178.31
178.31
177.78
177.78
177.78
177.78
177.78
177.78
177.77
177.77
177.77
177.77
177.77
177.77
177.77
177.78
177.78
177.78
177.78
177.78
177.78
177.78
177.78
177.78
177.78
177.78
177.74
177.74
177.74
177.74
177.74
177.74
177.44
177.44
177.44
177.44
177.44
177.44
177.44
177.44
177.44
177.44
177.44
177.44
177.24
177.24
177.24
177.24
177.24
176.73
176.73
176.73
176.73
176.73
176.73
176.56
176.56
176.56
176.56
176.56
175.74
175.74
175.74
175.74
175.74
175.74
176.26
176.26
176.26
176.26
176.26
176.26
176.88
176.88
176.88
176.88
176.88
176.88
176.43
176.43
176.43
176.43
176.43
176.43
176.31
176.31
176.31
176.31
176.31
176.31
176.46
176.46
176.46
176.46
176.46
176.73
176.73
176.73
176.73
176.73
176.73
176.72
176.72
176.72
176.72
176.72
176.72
176.31
176.31
176.31
176.31
176.31
176.31
176.05
176.05
176.05
176.05
176.05
176.10
176.10
176.10
176.10
176.10
176.14
176.14
176.14
176.14
176.14
176.14
176.21
176.21
176.21
176.21
176.21
176.21
176.88
176.88
176.88
176.88
176.88
176.88
176.88
176.58
176.58
176.58
176.58
176.58
176.81
176.81
176.81
176.81
176.81
176.81
176.81
176.81
176.81
176.81
176.81
176.81
176.81
176.81
176.81
176.81
176.81
176.81
176.81
176.81
176.81
176.81
177.24
177.24
177.24
177.24
177.24
177.24
177.24
177.24
177.24
177.24
177.24
177.24
177.50
177.50
177.50
177.50
177.50
177.63
177.63
177.63
177.63
177.63
177.63
177.63
177.21
177.21
177.21
177.21
177.21
176.90
176.90
176.90
176.90
176.90
176.91
176.91
176.91
176.91
176.91
176.91
176.91
176.91
176.91
176.91
176.91
176.91
176.91
176.91
176.91
176.91
176.91
176.91
176.91
176.91
176.91
176.91
176.91
176.91
177.20
177.20
177.20
177.20
177.20
177.20
177.20
177.20
177.20
177.20
177.20
177.20
177.20
177.20
177.20
177.20
177.20
177.20
177.50
177.50
177.50
177.50
177.50
177.52
177.52
177.52
177.52
177.52
177.52
177.93
177.93
177.93
177.93
177.93
177.52
177.52
177.52
177.52
177.52
177.52
177.33
177.33
177.33
177.33
177.33
177.33
177.33
177.33
177.33
177.33
177.33
176.36
176.36
176.36
176.36
176.36
176.36
176.22
176.22
176.22
176.22
176.22
176.22
176.22
176.22
176.22
176.22
176.22
176.22
175.89
175.89
175.89
175.89
175.89
175.53
175.53
175.53
175.53
175.53
175.53
176.35
176.35
176.35
176.35
176.35
176.71
176.71
176.71
176.71
176.71
176.71
176.09
176.09
176.09
176.09
176.09
176.09
175.71
175.71
175.71
175.71
175.71
175.79
175.79
175.79
175.79
175.79
175.79
175.80
175.80
175.80
175.80
175.80
175.80
175.60
175.60
175.60
175.60
175.60
175.43
175.43
175.43
175.43
175.43
175.43
174.94
174.94
174.94
174.94
174.94
174.94
174.74
174.74
174.74
174.74
174.74
174.74
174.74
174.71
174.71
174.71
174.71
174.71
175.59
175.59
175.59
175.59
175.59
175.27
175.27
175.27
175.27
175.27
175.27
175.06
175.06
175.06
175.06
175.06
175.06
175.06
175.06
175.06
175.06
175.06
175.06
175.90
175.90
175.90
175.90
175.90
176.12
176.12
176.12
176.12
176.12
176.12
176.12
176.58
176.58
176.58
176.58
176.58
176.63
176.63
176.63
176.63
176.63
176.63
177.20
177.20
177.20
177.20
177.20
177.20
176.96
176.96
176.96
176.96
176.96
176.96
176.96
176.96
176.96
176.96
176.96
176.96
176.50
176.50
176.50
176.50
176.50
176.50
176.96
176.96
176.96
176.96
176.96
177.02
177.02
177.02
177.02
177.02
177.02
177.21
177.21
177.21
177.21
177.21
177.21
177.21
177.21
177.21
177.21
177.21
177.21
177.13
177.13
177.13
177.13
177.13
177.13
177.25
177.25
177.25
177.25
177.25
177.25
177.25
177.25
177.25
177.25
177.25
177.25
177.33
177.33
177.33
177.33
177.33
177.33
177.34
177.34
177.34
177.34
177.34
177.55
177.55
177.55
177.55
177.55
178.32
178.32
178.32
178.32
178.32
178.32
178.81
178.81
178.81
178.81
178.81
178.81
178.83
178.83
178.83
178.83
178.83
178.83
178.86
178.86
178.86
178.86
178.86
178.86
177.91
177.91
177.91
177.91
177.91
177.91
177.61
177.61
177.61
177.61
177.61
178.20
178.20
178.20
178.20
178.20
178.20
178.20
178.49
178.49
178.49
178.49
178.49
178.49
177.99
177.99
177.99
177.99
177.99
177.99
177.76
177.76
177.76
177.76
177.76
177.56
177.56
177.56
177.56
177.56
177.56
177.82
177.82
177.82
177.82
177.82
177.82
177.82
177.82
177.82
177.82
177.82
177.82
177.59
177.59
177.59
177.59
177.59
176.69
176.69
176.69
176.69
176.69
176.69
177.11
177.11
177.11
177.11
177.11
177.11
177.11
176.64
176.64
176.64
176.64
176.64
176.66
176.66
176.66
176.66
176.66
176.66
176.91
176.91
176.91
176.91
176.91
176.91
177.13
177.13
177.13
177.13
177.13
177.13
177.36
177.36
177.36
177.36
177.36
177.36
177.33
177.33
177.33
177.33
177.33
177.33
177.18
177.18
177.18
177.18
177.18
177.18
176.48
176.48
176.48
176.48
176.48
176.48
176.68
176.68
176.68
176.68
176.68
176.68
177.00
177.00
177.00
177.00
177.00
177.14
177.14
177.14
177.14
177.14
177.14
177.05
177.05
177.05
177.05
177.05
177.05
177.34
177.34
177.34
177.34
177.34
177.34
177.38
177.38
177.38
177.38
177.38
177.38
177.38
177.38
177.38
177.38
177.38
177.38
177.38
177.38
177.38
177.38
177.38
177.38
177.38
177.38
177.38
177.38
177.38
177.37
177.37
177.37
177.37
177.37
177.21
177.21
177.21
177.21
177.21
177.21
177.17
177.17
177.17
177.17
177.17
177.17
177.21
177.21
177.21
177.21
177.21
177.21
177.21
177.21
177.21
177.21
177.21
177.21
177.21
177.21
177.21
177.21
177.21
177.00
177.00
177.00
177.00
177.00
177.00
176.99
176.99
176.99
176.99
176.99
177.18
177.18
177.18
177.18
177.18
177.18
177.18
177.18
177.18
177.18
177.18
177.18
177.18
177.18
177.18
177.18
177.18
177.18
177.18
177.18
177.18
177.18
177.18
176.92
176.92
176.92
176.92
176.92
176.92
176.92
176.92
176.92
176.92
176.92
176.92
176.85
176.85
176.85
176.85
176.85
176.67
176.67
176.67
176.67
176.67
176.67
176.22
176.22
176.22
176.22
176.22
176.22
176.48
176.48
176.48
176.48
176.48
176.38
176.38
176.38
176.38
176.38
176.38
176.38
176.38
176.38
176.38
176.38
176.38
176.37
176.37
176.37
176.37
176.37
176.37
176.37
175.89
175.89
175.89
175.89
175.89
175.50
175.50
175.50
175.50
175.50
175.50
175.50
175.54
175.54
175.54
175.54
175.54
175.60
175.60
175.60
175.60
175.60
175.60
175.60
175.60
175.60
175.60
175.60
175.60
176.19
176.19
176.19
176.19
176.19
176.19
176.19
176.19
176.19
176.19
176.19
176.53
176.53
176.53
176.53
176.53
176.53
176.57
176.57
176.57
176.57
176.57
176.57
176.56
176.56
176.56
176.56
176.56
176.56
176.56
176.56
176.56
176.56
176.56
176.56
176.56
176.08
176.08
176.08
176.08
176.08
176.14
176.14
176.14
176.14
176.14
176.14
176.18
176.18
176.18
176.18
176.18
176.18
176.13
176.13
176.13
176.13
176.13
176.09
176.09
176.09
176.09
176.09
176.09
176.09
175.73
175.73
175.73
175.73
175.73
175.63
175.63
175.63
175.63
175.63
175.63
175.57
175.57
175.57
175.57
175.57
175.57
175.57
175.57
175.57
175.57
175.57
175.57
175.57
175.57
175.57
175.57
175.57
175.57
175.57
175.57
175.57
175.57
175.57
175.51
175.51
175.51
175.51
175.51
175.34
175.34
175.34
175.34
175.34
175.34
175.34
175.35
175.35
175.35
175.35
175.35
175.47
175.47
175.47
175.47
175.47
175.47
175.47
175.47
175.47
175.47
175.47
175.47
175.26
175.26
175.26
175.26
175.26
175.26
175.46
175.46
175.46
175.46
175.46
175.46
175.46
175.46
175.46
175.46
175.46
175.46
175.46
175.46
175.46
175.46
175.46
175.46
175.46
175.46
175.46
175.46
175.46
175.46
175.24
175.24
175.24
175.24
175.24
175.24
174.74
174.74
174.74
174.74
174.74
174.74
174.64
174.64
174.74
174.74
174.74
174.64
174.64
174.64
174.64
178.39
178.39
178.39
178.39
177.61
177.61
175.74
175.74
175.74
175.74
175.74
175.74
175.74
175.74
175.74
175.74
175.74
175.74
175.74
175.74
175.24
175.24
175.24
175.24
175.24
174.84
174.84
174.84
174.84
174.84
174.84
174.84
174.84
174.84
174.84
174.84
174.84
174.84
174.84
174.84
174.84
174.84
174.84
175.53
175.53
175.53
175.53
175.53
175.53
175.53
175.53
175.53
175.53
175.07
175.07
175.07
175.07
175.07
175.07
175.07
175.07
175.07
175.07
175.07
175.07
175.07
175.07
175.07
175.07
175.07
175.07
175.07
175.07
175.23
175.23
175.23
175.23
175.07
175.07
175.07
175.07
175.07
175.07
174.93
174.93
174.93
174.93
174.93
174.93
174.93
174.93
174.93
174.93
174.93
174.93
174.84
174.84
174.84
174.84
174.84
174.84
174.84
174.84
174.84
174.84
174.84
175.07
175.07
175.07
175.07
175.07
175.21
175.21
175.21
175.21
175.21
175.21
175.21
175.21
175.21
175.21
175.21
175.21
175.21
175.21
175.21
175.22
175.22
175.22
175.22
175.22
175.14
175.14
175.14
175.14
175.14
175.14
175.14
175.14
175.14
175.14
175.14
175.14
175.19
175.19
175.19
175.19
175.19
175.23
175.23
175.23
175.23
175.23
175.23
175.23
175.23
175.23
175.23
175.23
175.23
175.24
175.24
175.24
175.24
175.24
175.24
175.42
175.42
175.42
175.42
175.42
175.42
175.38
175.38
175.38
175.38
175.38
175.38
175.23
175.23
175.23
175.23
175.23
175.23
175.23
175.23
175.23
175.23
175.23
175.23
175.23
174.84
174.84
174.84
174.84
174.84
174.84
175.19
175.19
175.19
175.19
175.19
175.19
175.10
175.10
175.10
175.10
175.10
175.10
175.22
175.22
175.22
175.22
175.22
175.22
175.46
175.46
175.46
175.46
175.46
175.46
175.53
175.53
175.53
175.53
175.53
175.53
175.53
175.53
175.53
175.53
175.53
175.53
175.68
175.68
175.68
175.68
175.68
175.68
175.68
175.68
175.68
175.68
175.68
175.68
175.81
175.81
175.81
175.81
175.81
175.81
175.81
175.80
175.80
175.80
175.80
175.80
175.80
175.80
175.80
175.80
175.80
175.80
175.80
175.79
175.79
175.79
175.79
175.79
175.70
175.70
175.70
175.70
175.70
175.70
175.70
175.70
175.70
175.70
175.70
175.70
175.70
175.70
175.70
175.70
175.70
175.70
175.70
175.70
175.70
175.70
175.43
175.43
175.43
175.43
175.43
175.43
175.60
175.60
175.60
175.60
175.60
175.60
175.48
175.48
175.48
175.48
175.48
175.48
175.58
175.58
175.58
175.58
175.58
175.58
175.28
175.28
175.28
175.28
175.28
175.28
175.07
175.07
175.07
175.07
175.07
175.08
175.08
175.08
175.08
175.08
175.08
175.10
175.10
175.10
175.10
175.10
175.10
174.98
174.98
174.98
174.98
174.98
174.98
174.85
174.85
174.85
174.85
174.85
174.85
174.40
174.40
174.40
174.40
174.40
173.65
173.65
173.65
173.65
173.65
173.56
173.56
173.56
173.56
173.56
173.25
173.25
173.25
173.25
173.25
173.25
173.25
173.25
173.25
173.25
173.25
172.33
172.33
172.33
172.33
172.33
172.33
172.08
172.08
172.08
172.08
172.08
172.08
171.88
171.88
171.88
171.88
171.88
171.88
171.88
171.88
171.88
171.88
171.88
171.58
171.58
171.58
171.58
171.58
171.58
171.05
171.05
171.05
171.05
171.05
171.50
171.50
171.50
171.50
171.50
172.06
172.06
172.06
172.06
172.06
172.06
172.32
172.32
172.32
172.32
172.32
171.88
171.88
171.88
171.88
171.88
171.51
171.51
171.51
171.51
171.51
170.55
170.55
170.55
170.55
170.55
170.56
170.56
170.56
170.56
170.56
170.56
171.04
171.04
171.04
171.04
171.04
171.53
171.53
171.53
171.53
171.53
170.58
170.58
170.58
170.58
170.58
170.58
169.41
169.41
169.41
169.41
169.41
169.41
169.32
169.32
169.32
169.32
169.32
169.32
169.32
169.32
169.32
169.32
169.32
169.29
169.29
169.29
169.29
169.29
169.29
169.29
169.29
169.29
169.29
169.29
169.29
168.46
168.46
168.46
168.46
168.46
168.46
169.75
169.75
169.75
169.75
169.75
169.75
169.75
169.75
169.75
169.75
169.75
168.98
168.98
168.98
168.98
168.98
168.98
168.91
168.91
168.91
168.91
168.91
168.29
168.29
168.29
168.29
168.29
168.29
168.25
168.25
168.25
168.25
168.25
168.25
167.86
167.86
167.86
167.86
167.86
167.86
169.16
169.16
169.16
169.16
169.16
169.16
170.08
170.08
170.08
170.08
170.08
170.08
168.84
168.84
168.84
168.84
168.84
168.84
168.88
168.88
168.88
168.88
168.88
168.88
168.88
168.88
168.88
168.88
168.88
168.88
168.30
168.30
168.30
168.30
168.30
168.67
168.67
168.67
168.67
168.67
168.67
169.67
169.67
169.67
169.67
169.67
170.19
170.19
170.19
170.19
170.19
170.44
170.44
170.44
170.44
170.44
170.44
170.44
170.44
170.44
170.44
170.44
170.44
170.47
170.47
170.47
170.47
170.47
170.47
169.51
169.51
169.51
169.51
169.51
169.51
169.02
169.02
169.02
169.02
169.02
168.32
168.32
168.32
168.32
168.32
168.58
168.58
168.58
168.58
168.58
168.58
168.58
168.58
168.58
168.58
168.40
168.40
168.40
168.40
168.40
168.40
168.58
168.58
168.58
168.58
168.58
168.58
169.75
169.75
169.75
169.75
169.75
169.70
169.70
169.70
169.70
169.70
168.84
168.84
168.84
168.84
168.84
168.84
168.52
168.52
168.52
168.52
168.52
168.52
169.16
169.16
169.16
169.16
169.16
169.16
169.12
169.12
169.12
169.12
169.12
169.12
169.82
169.82
169.82
169.82
169.82
169.32
169.32
169.32
169.32
169.32
169.38
169.38
169.38
169.38
169.38
169.38
169.52
169.52
169.52
169.52
169.52
169.52
169.93
169.93
169.93
169.93
169.93
169.93
169.69
169.69
169.69
169.69
169.69
170.12
170.12
170.12
170.12
170.12
170.92
170.92
170.92
170.92
170.92
171.27
171.27
171.27
171.27
171.27
171.27
170.95
170.95
170.95
170.95
170.95
169.40
169.40
169.40
169.40
169.40
170.70
170.70
170.70
170.70
170.70
170.70
171.07
171.07
171.07
171.07
171.07
171.07
171.07
171.07
171.07
171.07
171.07
171.16
171.16
171.16
171.16
171.16
171.16
170.04
170.04
170.04
170.04
170.04
170.53
170.53
170.53
170.53
170.53
170.53
170.28
170.28
170.28
170.28
170.28
170.28
170.73
170.73
170.73
170.73
170.73
170.61
170.61
170.61
170.61
170.61
170.28
170.28
170.28
170.28
170.28
169.98
169.98
169.98
169.98
169.98
169.79
169.79
169.79
169.79
169.79
169.79
168.91
168.91
168.91
168.91
168.91
169.78
169.78
169.78
169.78
169.78
170.27
170.27
170.27
170.27
170.27
177.77
177.77
177.77
177.77
177.77
177.77
177.00
177.00
177.00
177.00
177.00
177.00
176.98
176.98
176.98
176.98
176.98
176.98
177.68
177.68
177.68
177.68
177.68
177.68
177.82
177.82
177.82
177.82
177.82
177.82
178.04
178.04
178.04
178.04
178.04
178.04
178.08
178.08
178.08
178.08
178.08
178.08
178.08
178.08
178.08
178.08
178.08
178.08
178.05
178.05
178.05
178.05
178.05
178.05
177.51
177.51
177.51
177.51
177.51
177.51
177.57
177.57
177.57
177.57
177.57
177.57
177.93
177.93
177.93
177.93
177.93
177.93
177.93
177.99
177.99
177.99
177.99
177.99
177.99
177.61
177.61
177.61
177.61
177.61
177.61
177.61
177.46
177.46
177.46
177.46
177.46
177.46
177.70
177.70
177.70
177.21
177.21
177.21
177.21
176.99
176.99
176.99
176.99
176.99
176.99
177.11
177.11
177.11
177.11
177.11
180.18
180.18
180.18
180.18
180.18
180.18
180.18
180.18
180.18
180.18
180.18
180.13
180.13
180.13
180.13
180.13
180.13
179.32
179.32
179.32
179.32
179.32
179.32
179.64
179.64
179.64
179.64
179.64
179.64
179.48
179.48
179.48
179.48
179.48
179.48
179.48
179.48
179.48
179.48
179.48
179.48
179.50
179.50
179.50
179.50
179.50
179.50
179.44
179.44
179.44
179.44
179.44
179.44
179.43
179.43
179.43
179.43
179.43
179.43
179.30
179.30
179.30
179.30
179.30
179.30
178.76
178.76
178.76
178.76
178.76
178.76
178.35
178.35
178.35
178.35
178.35
178.35
178.24
178.24
178.24
178.24
178.24
178.24
178.24
178.24
178.24
178.24
178.24
178.24
178.80
178.80
178.80
178.80
178.80
178.80
178.57
178.57
178.57
178.57
178.57
178.57
178.64
178.64
178.64
178.64
178.64
178.64
178.64
178.37
178.37
178.37
178.37
178.37
178.37
178.37
178.37
178.37
178.37
178.37
178.37
178.41
178.41
178.41
178.41
178.41
178.41
178.41
178.41
178.41
178.41
178.41
178.41
178.49
178.49
178.49
178.49
178.49
178.49
178.50
178.50
178.50
178.50
178.50
178.50
178.41
178.41
178.41
178.41
178.41
178.41
178.40
178.40
178.40
178.40
178.40
178.40
178.54
178.54
178.54
178.54
178.54
178.54
178.54
178.54
178.54
178.54
178.54
178.54
178.81
178.81
178.81
178.81
178.81
178.81
179.76
179.76
179.76
179.76
179.76
179.76
179.99
179.99
179.99
179.99
179.99
179.99
180.00
180.00
180.00
180.00
180.00
180.00
180.08
180.08
180.08
180.08
180.08
180.08
180.08
180.08
180.08
180.08
180.08
180.08
180.08
180.08
180.08
180.08
180.08
180.08
180.08
180.08
180.08
180.08
180.08
180.08
180.08
180.07
180.07
180.07
180.07
180.07
180.07
180.07
180.07
180.07
180.07
180.07
180.07
180.12
180.12
180.12
180.12
180.12
180.12
180.54
180.54
180.54
180.54
180.54
180.54
180.21
180.21
180.21
180.21
180.21
180.21
180.33
180.33
180.33
180.33
180.33
180.33
180.33
180.33
180.33
180.33
180.33
180.33
180.33
180.33
180.33
180.33
180.33
180.33
180.33
180.33
180.33
180.33
180.33
180.33
180.33
180.33
180.33
180.33
180.33
180.33
180.33
180.33
180.33
180.33
180.33
180.33
180.33
180.33
180.33
180.33
180.33
180.33
180.33
180.33
180.33
180.33
180.33
180.33
180.33
180.33
180.33
180.33
180.33
180.33
180.78
180.78
180.78
180.78
180.78
180.78
180.88
180.88
180.88
180.88
180.88
180.88
180.88
180.88
180.88
180.88
180.88
180.88
181.17
181.17
181.17
181.17
181.17
181.17
181.45
181.45
181.45
181.45
181.45
181.45
181.45
181.45
181.45
181.45
181.45
181.45
181.31
181.31
181.31
181.31
181.31
181.31
181.48
181.48
181.48
181.48
181.48
181.48
181.47
181.47
181.47
181.47
181.47
181.47
181.56
181.56
181.56
181.56
181.56
181.56
182.06
182.06
182.06
182.06
182.06
182.06
182.10
182.10
182.10
182.10
182.10
182.10
182.15
182.15
182.15
182.15
182.15
182.15
182.15
182.15
182.15
182.15
182.15
182.27
182.27
182.27
182.27
182.27
182.27
182.77
182.77
182.77
182.77
182.77
182.77
182.77
182.77
182.77
182.77
182.77
182.77
182.84
182.84
182.84
182.84
182.84
182.84
182.84
182.84
182.84
182.84
182.84
182.84
182.84
182.84
182.84
182.84
182.84
183.14
183.14
183.14
183.14
183.14
183.14
183.15
183.15
183.15
183.15
183.15
183.15
183.15
183.15
183.15
183.15
183.15
183.15
183.15
183.15
183.15
183.15
183.15
183.15
182.16
182.16
182.16
182.16
182.16
182.16
182.16
182.16
182.16
182.16
182.16
182.23
182.23
182.23
182.23
182.23
182.23
182.24
182.24
182.24
182.24
182.24
182.24
182.24
182.24
182.24
182.24
182.24
182.24
182.25
182.25
182.25
182.25
182.25
182.25
182.25
182.25
182.25
182.25
182.25
182.25
182.25
182.25
182.25
182.25
182.25
182.25
182.16
182.16
182.16
182.16
182.16
182.16
182.16
182.16
182.16
182.16
182.16
182.16
181.79
181.79
181.79
181.79
181.79
181.49
181.49
181.49
181.49
181.49
181.49
181.07
181.07
181.07
181.07
181.07
181.07
181.07
181.07
181.07
181.07
181.07
181.07
181.39
181.39
181.39
181.39
181.39
181.39
181.39
181.39
181.39
181.39
181.39
181.39
181.39
181.39
181.39
181.39
181.39
181.39
181.39
181.39
181.39
181.39
181.39
181.39
181.39
181.39
181.39
181.39
181.39
181.45
181.45
181.45
181.45
181.45
181.45
181.45
181.45
181.45
181.45
181.45
181.45
181.45
181.45
181.45
181.45
181.45
181.45
181.79
181.79
181.79
181.79
181.79
181.79
181.84
181.84
181.84
181.84
181.84
181.84
181.88
181.88
181.88
181.88
181.88
181.88
181.88
181.88
181.88
181.88
181.88
181.88
181.88
181.88
181.88
181.88
181.88
181.88
181.88
181.88
181.88
181.88
181.88
181.88
181.99
181.99
181.99
181.99
181.99
181.99
182.07
182.07
182.07
182.07
182.07
182.07
182.07
182.07
182.07
182.07
182.07
182.07
182.07
182.07
182.07
182.07
182.07
182.07
182.07
182.07
182.07
182.07
182.07
182.07
182.07
182.07
182.07
182.07
182.07
182.07
182.07
182.07
182.07
182.07
182.07
182.07
182.07
182.07
182.07
182.07
182.07
182.07
182.07
182.07
182.07
182.07
182.07
181.68
181.68
181.68
181.68
181.68
181.68
181.68
181.68
181.68
181.68
181.68
181.68
181.68
181.68
181.68
181.68
181.68
181.68
181.68
181.68
181.68
181.68
181.68
181.68
181.39
181.39
181.39
181.39
181.39
181.39
181.22
181.22
181.22
181.22
181.22
181.22
181.22
181.22
181.22
181.22
181.22
181.22
181.03
181.03
181.03
181.03
181.03
180.91
180.91
180.91
180.91
180.91
180.91
180.88
180.88
180.88
180.88
180.88
180.88
180.88
180.88
180.88
180.88
180.88
180.88
180.88
180.88
180.88
180.88
180.88
180.88
180.74
180.74
180.74
180.74
180.74
180.74
180.69
180.69
180.69
180.69
180.69
180.69
180.65
180.65
180.65
180.65
180.65
180.65
180.67
180.67
180.67
180.67
180.67
180.67
180.67
180.40
180.40
180.40
180.40
180.40
180.50
180.50
180.50
180.50
180.50
180.50
180.17
180.17
180.17
180.17
180.17
180.17
180.36
180.36
180.36
180.36
180.36
180.36
180.38
180.38
180.38
180.38
180.38
180.38
180.38
180.38
180.38
180.38
180.38
180.38
180.38
180.38
180.38
180.38
180.38
180.38
180.38
180.38
180.38
180.38
180.38
180.38
180.38
180.38
180.38
180.38
180.38
180.38
180.38
180.38
180.38
180.38
180.38
180.38
180.38
180.38
180.38
180.38
180.38
180.38
180.38
180.38
180.38
180.38
180.38
180.38
180.38
180.38
180.38
180.38
180.38
180.38
180.38
180.38
180.38
180.38
180.38
180.38
180.38
180.38
180.38
180.65
180.65
180.65
180.65
180.65
180.65
180.61
180.61
180.61
180.61
180.61
180.61
180.64
180.64
180.64
180.64
180.64
180.64
180.64
180.64
180.64
180.64
180.64
180.64
180.64
180.64
180.64
180.64
180.64
180.63
180.63
180.63
180.63
180.63
180.63
180.68
180.68
180.68
180.68
180.68
180.68
180.70
180.70
180.70
180.70
180.70
180.70
180.81
180.81
180.81
180.81
180.81
180.81
180.88
180.88
180.88
180.88
180.88
180.88
180.89
180.89
180.89
180.89
180.89
180.89
180.89
180.89
180.89
180.89
180.89
180.89
180.89
180.89
180.89
180.89
180.89
180.88
180.88
180.88
180.88
180.88
180.73
180.73
180.73
180.73
180.73
180.73
180.70
180.70
180.70
180.70
180.70
180.70
180.70
180.70
180.70
180.70
180.70
180.70
180.68
180.68
180.68
180.68
180.68
180.68
180.68
180.68
180.68
180.68
180.68
180.68
180.68
180.64
180.64
180.64
180.64
180.64
180.64
180.64
180.58
180.58
180.58
180.58
180.58
180.58
180.58
180.58
180.58
180.58
180.52
180.52
180.52
180.52
180.52
180.52
180.52
180.10
180.10
180.10
180.10
180.10
180.55
180.55
180.55
180.55
180.55
180.55
180.53
180.53
180.53
180.53
180.53
180.53
180.46
180.46
180.46
180.46
180.46
180.46
180.28
180.28
180.28
180.28
180.28
180.28
179.98
179.98
179.98
179.98
179.98
179.68
179.68
179.68
179.68
179.68
179.68
180.03
180.03
180.03
180.03
180.03
180.03
179.90
179.90
179.90
179.90
179.90
179.90
179.55
179.55
179.55
179.55
179.55
179.55
179.66
179.66
179.66
179.66
179.66
179.66
179.85
179.85
179.85
179.85
179.85
179.85
179.85
179.85
179.85
179.85
179.85
179.85
179.85
179.85
179.85
179.85
179.85
179.85
179.85
179.85
179.85
179.85
179.85
179.85
179.85
179.85
179.85
179.85
179.85
179.85
179.85
179.85
179.85
179.85
179.85
179.69
179.69
179.69
179.69
179.69
179.45
179.45
179.45
179.45
179.45
179.45
179.45
179.45
179.45
179.45
179.45
179.49
179.49
179.49
179.49
179.49
179.49
179.64
179.64
179.64
179.64
179.64
179.64
179.64
179.64
179.64
179.64
179.64
179.64
179.64
179.64
179.64
179.64
179.64
179.68
179.68
179.68
179.68
179.68
179.68
179.82
179.82
179.82
179.82
179.82
179.82
179.82
179.82
179.82
179.82
179.82
179.82
179.82
180.11
180.11
180.11
180.11
180.11
180.11
180.17
180.17
180.17
180.17
180.17
180.17
180.17
180.17
180.17
180.17
180.17
180.17
180.17
180.17
180.17
180.17
180.17
180.17
179.69
179.69
179.69
179.69
179.69
179.69
179.65
179.65
179.65
179.65
179.65
179.65
179.65
179.65
179.65
179.65
179.65
179.65
179.65
179.65
179.65
179.65
179.65
179.73
179.73
179.73
179.73
179.73
179.73
179.73
179.73
179.73
179.73
179.73
179.51
179.51
179.51
179.51
179.51
179.51
179.45
179.45
179.45
179.45
179.45
179.45
179.44
179.44
179.44
179.44
179.44
179.44
179.44
179.44
179.44
179.44
179.44
179.44
179.44
179.44
179.44
179.44
179.44
179.58
179.58
179.58
179.58
179.58
179.58
179.68
179.68
179.68
179.68
179.68
179.68
179.68
179.68
179.68
179.68
179.68
179.88
179.88
179.88
179.88
179.88
179.88
179.88
180.11
180.11
180.11
180.11
180.11
180.11
180.11
180.11
180.11
180.11
180.11
180.11
180.11
180.11
180.11
180.11
180.11
179.94
179.94
179.94
179.94
179.94
179.94
179.93
179.93
179.93
179.93
179.93
179.93
179.93
179.93
179.56
179.38
179.38
179.38
179.38
179.38
179.37
179.37
179.37
179.37
179.37
179.37
179.12
179.12
179.12
179.12
179.12
179.12
179.12
179.12
179.12
179.12
179.12
179.12
179.12
179.12
179.12
179.12
179.12
179.12
179.12
179.12
179.12
179.12
179.12
179.12
179.00
179.00
179.00
179.00
179.00
179.00
178.81
178.81
178.81
178.81
178.81
178.81
179.01
179.01
179.01
179.01
179.01
179.01
178.79
178.79
178.79
178.79
178.79
178.79
178.60
178.60
178.60
178.60
178.60
178.60
178.60
178.60
178.60
178.60
178.60
178.60
178.60
178.60
178.60
178.60
178.60
178.60
176.90
176.90
176.90
176.90
176.90
176.90
176.72
176.72
176.72
176.72
176.72
176.72
176.52
176.52
176.52
176.52
176.52
176.52
176.27
176.27
176.27
176.27
176.27
176.27
176.27
176.27
176.27
176.27
176.27
176.27
176.71
176.71
176.71
176.71
176.71
176.71
176.91
176.91
176.91
176.91
176.91
176.91
176.99
176.99
176.99
176.99
176.99
176.99
176.99
176.99
176.99
176.99
176.99
176.99
176.73
176.73
176.73
176.73
176.73
176.73
176.73
176.73
176.73
176.73
176.73
176.73
176.73
176.73
176.73
176.73
176.73
176.73
176.37
176.37
176.37
176.37
176.37
176.37
176.37
176.37
176.37
176.37
176.37
176.37
176.74
176.74
176.74
176.74
176.74
176.74
176.95
176.95
176.95
176.95
176.95
176.95
176.95
176.95
176.95
176.95
176.95
176.95
176.95
176.95
176.95
176.95
176.95
176.95
176.77
176.77
176.77
176.77
176.77
176.77
176.77
176.37
176.37
176.37
176.37
176.37
176.37
176.37
176.09
176.09
176.09
176.09
176.09
176.09
176.37
176.37
176.37
176.37
176.37
176.37
176.41
176.41
176.41
176.41
176.41
176.41
176.31
176.31
176.31
176.31
176.31
176.31
176.31
176.31
176.31
176.31
176.31
176.31
176.46
176.46
176.46
176.46
176.46
176.46
177.18
177.18
177.18
177.18
177.18
177.18
177.19
177.19
177.19
177.19
177.19
177.19
177.20
177.20
177.20
177.20
177.20
177.20
177.52
177.52
177.52
177.52
177.52
177.52
176.72
176.72
176.72
176.72
176.72
176.72
176.72
176.72
176.72
176.72
176.72
176.72
176.72
176.72
176.72
176.72
176.72
176.72
176.72
176.72
176.72
176.72
176.72
176.72
176.72
176.62
176.62
176.62
176.62
176.62
176.62
176.24
176.24
176.24
176.24
176.24
176.24
176.21
176.21
176.21
176.21
176.21
176.21
176.21
176.21
176.21
176.21
176.21
176.21
176.03
176.03
176.03
176.03
176.03
176.03
175.81
175.81
175.81
175.81
175.81
175.81
175.81
175.82
175.82
175.82
175.82
175.82
176.20
176.20
176.20
176.20
176.20
176.20
175.94
175.94
175.94
175.94
175.94
175.94
175.81
175.81
175.81
175.81
175.81
175.81
175.79
175.79
175.79
175.79
175.79
175.79
175.79
175.79
175.79
175.79
175.79
175.79
175.79
175.79
175.79
175.79
175.79
175.79
175.79
175.79
175.79
175.79
175.79
175.79
175.79
175.79
175.79
175.79
175.79
175.79
175.79
175.79
175.79
175.79
175.79
175.79
175.79
175.79
175.79
175.79
175.79
175.79
175.79
175.79
175.79
175.79
175.79
175.79
175.79
175.79
175.79
175.79
175.79
175.79
175.79
175.77
175.77
175.77
175.77
175.77
175.77
175.77
175.47
175.47
175.47
175.47
175.47
175.47
175.43
175.43
175.43
175.43
175.43
175.43
175.43
175.43
175.43
175.43
175.43
175.43
175.43
175.43
175.43
175.43
175.43
175.43
175.33
175.33
175.33
175.33
175.33
175.33
175.33
175.33
175.33
175.33
175.33
175.33
175.33
175.33
175.33
175.33
175.33
175.33
175.30
175.30
175.30
175.30
175.30
175.30
175.26
175.26
175.26
175.26
175.26
175.26
175.26
175.26
175.26
175.26
175.26
175.26
175.24
175.24
175.24
175.24
175.24
175.24
175.24
175.24
175.24
175.24
175.24
175.24
175.24
175.24
175.24
175.24
175.24
175.24
175.24
175.24
175.24
175.24
175.24
175.24
175.24
175.24
175.24
175.24
175.24
175.24
175.24
175.24
175.24
175.24
175.24
175.24
175.24
175.24
175.24
175.24
175.24
175.24
175.24
175.24
175.24
175.24
175.24
175.24
175.26
175.26
175.26
175.26
175.26
175.26
176.46
176.46
176.46
176.46
176.46
176.46
176.69
176.69
176.69
176.69
176.69
176.69
177.21
177.21
177.21
177.21
177.21
177.21
177.67
177.67
177.67
177.67
177.67
177.67
178.09
178.09
178.09
178.09
178.09
178.09
178.15
178.15
178.15
178.15
178.15
178.15
178.10
178.10
178.10
178.10
178.10
178.10
176.98
176.98
176.98
176.98
176.98
176.98
176.81
176.81
176.81
176.81
176.81
176.81
177.25
177.25
177.25
177.25
177.25
177.25
177.25
177.25
177.25
177.25
177.25
177.25
177.30
177.30
177.30
177.30
177.30
177.30
177.45
177.45
177.45
177.45
177.45
177.45
177.45
177.52
177.52
177.52
177.52
177.52
177.52
177.68
177.68
177.68
177.68
177.68
177.68
177.68
177.68
177.68
177.68
177.68
177.68
178.13
178.13
178.13
178.13
178.13
178.13
178.18
178.18
178.18
178.18
178.18
178.18
178.19
178.19
178.19
178.19
178.19
178.69
178.69
178.69
178.69
178.69
178.69
178.72
178.72
178.72
178.72
178.72
178.72
178.72
178.72
178.72
178.72
178.72
178.72
178.72
178.72
178.72
178.72
178.72
178.72
178.72
178.72
178.72
178.72
178.72
178.72
178.72
178.72
178.72
178.72
178.72
178.72
178.72
178.72
178.72
178.72
178.72
178.72
178.72
178.72
178.72
178.72
178.72
178.72
178.72
178.72
178.72
178.72
178.72
178.72
178.72
178.72
178.72
178.72
178.72
178.72
178.72
178.72
178.72
178.72
178.72
178.72
178.72
178.72
178.72
178.72
178.72
178.72
178.45
178.45
178.45
178.45
178.45
178.45
178.45
178.40
178.40
178.40
178.40
178.40
178.40
177.87
177.87
177.87
177.87
177.87
177.87
177.87
177.87
177.87
177.87
177.87
177.87
177.86
177.86
177.86
177.86
177.86
177.86
177.86
177.73
177.73
177.73
177.73
177.73
177.73
177.73
177.73
177.73
177.73
177.73
177.45
177.45
177.45
177.45
177.45
177.45
177.29
177.29
177.29
177.29
177.29
177.29
177.29
177.26
177.26
177.26
177.26
177.26
177.26
177.08
177.08
177.08
177.08
177.08
177.08
177.70
177.70
177.70
177.70
177.70
177.70
178.25
178.25
178.25
178.25
178.25
178.25
179.19
179.19
179.19
179.19
179.19
179.19
179.19
179.19
179.19
179.19
179.19
179.19
179.19
179.19
179.19
179.19
179.19
179.19
178.92
178.92
178.92
178.92
178.92
178.92
178.84
178.84
178.84
178.84
178.84
178.84
178.84
178.84
178.84
178.84
178.84
178.84
178.41
178.41
178.41
178.41
178.41
178.41
178.84
178.84
178.84
178.84
178.84
178.84
178.84
179.05
179.05
179.05
179.05
179.05
179.05
179.05
179.05
179.05
179.05
179.05
179.19
179.19
179.19
179.19
179.19
179.19
179.68
179.68
179.68
179.68
179.68
179.68
179.68
179.68
179.68
179.68
179.68
179.68
179.68
179.67
179.67
179.67
179.67
179.67
179.67
179.67
179.73
179.73
179.73
179.73
179.73
179.73
179.81
179.81
179.81
179.81
179.81
179.81
179.61
179.61
179.61
179.61
179.61
179.61
179.61
179.35
179.35
179.35
179.35
179.35
179.66
179.66
179.66
179.66
179.66
179.66
179.66
179.66
179.66
179.66
179.66
179.66
179.66
179.66
179.66
179.66
179.66
179.66
179.20
179.20
179.20
179.20
179.20
179.20
179.20
179.58
179.58
179.58
179.58
179.58
179.11
179.11
179.11
179.11
179.11
179.11
178.85
178.85
178.85
178.85
178.85
178.85
178.84
178.84
178.84
178.84
178.84
178.84
179.38
179.38
179.38
179.38
179.38
179.38
179.25
179.25
179.25
179.25
179.25
179.25
179.20
179.20
179.20
179.20
179.20
179.20
179.20
178.98
178.98
178.98
178.98
178.98
179.07
179.07
179.07
179.07
179.07
179.07
179.14
179.14
179.14
179.14
179.14
179.14
179.15
179.15
179.15
179.15
179.15
179.15
179.04
179.04
179.04
179.04
179.04
179.04
178.98
178.98
178.98
178.98
178.98
178.98
178.98
178.98
178.98
178.98
178.98
178.98
178.95
178.95
178.95
178.95
178.95
178.95
179.09
179.09
179.09
179.09
179.09
179.09
178.94
178.94
178.94
178.94
178.94
178.94
179.19
179.19
179.19
179.19
179.19
179.19
179.04
179.04
179.04
179.04
179.04
179.04
179.08
179.08
179.08
179.08
179.08
179.08
178.80
178.80
178.80
178.80
178.80
178.80
178.61
178.61
178.61
178.61
178.61
178.61
178.61
178.61
178.61
178.61
178.61
178.61
178.61
177.96
177.96
177.96
177.96
177.96
177.96
177.73
177.73
177.73
177.73
177.73
177.36
177.36
177.36
177.36
177.36
177.36
177.75
177.75
177.75
177.75
177.75
177.75
178.02
178.02
178.02
178.02
178.02
178.02
177.50
177.50
177.50
177.50
177.50
177.50
177.49
177.49
177.49
177.49
177.49
177.49
177.49
177.49
177.49
177.49
177.49
177.49
177.49
177.49
177.49
177.49
177.49
177.49
177.49
177.49
177.49
177.49
177.49
177.49
177.66
177.66
177.66
177.66
177.66
177.66
177.10
177.10
177.10
177.10
177.10
177.10
177.21
177.21
177.21
177.21
177.21
177.21
177.69
177.69
177.69
177.69
177.69
177.69
177.93
177.93
177.93
177.93
177.93
177.93
178.12
178.12
178.12
178.12
178.12
178.12
178.12
178.19
178.19
178.19
178.19
178.19
178.33
178.33
178.33
178.33
178.33
178.33
178.33
178.33
178.33
178.33
178.33
178.33
178.33
178.33
178.33
178.33
178.33
178.33
178.44
178.44
178.44
178.44
178.44
178.44
177.95
177.95
177.95
177.95
177.95
177.95
177.95
177.94
177.94
177.94
177.94
177.94
177.94
177.94
177.94
177.94
177.94
177.94
178.42
178.42
178.42
178.42
178.42
178.42
178.41
178.41
178.41
178.41
178.41
178.41
177.94
177.94
177.94
177.94
177.94
177.94
177.84
177.84
177.84
177.84
177.84
177.84
177.84
177.84
177.84
177.84
177.84
177.84
177.84
177.85
177.85
177.85
177.85
177.85
177.85
177.85
177.85
177.85
177.85
177.85
177.85
177.95
177.95
177.95
177.95
177.95
177.95
177.96
177.96
177.96
177.96
177.96
177.96
177.84
177.84
177.84
177.84
177.84
177.84
177.93
177.93
177.93
177.93
177.93
177.93
177.93
177.96
177.96
177.96
177.96
177.96
178.10
178.10
178.10
178.10
178.10
178.10
178.18
178.18
178.18
178.18
178.18
178.18
178.19
178.19
178.19
178.19
178.19
178.19
178.19
178.19
178.19
178.19
178.19
178.19
178.39
178.39
178.39
178.39
178.39
178.39
178.39
177.92
177.92
177.92
177.92
177.92
177.92
178.03
178.03
178.03
178.03
178.03
178.05
178.05
178.05
178.05
178.05
178.05
178.05
178.27
178.27
178.27
178.27
178.27
178.14
178.14
178.14
178.14
178.14
178.14
178.69
178.69
178.69
178.69
178.69
178.69
178.69
178.69
178.69
178.69
178.69
178.69
178.83
178.83
178.83
178.83
178.83
178.83
179.18
179.18
179.18
179.18
179.18
179.18
179.18
179.18
179.18
179.18
179.18
179.18
179.13
179.13
179.13
179.13
179.13
179.13
179.08
179.08
179.08
179.08
179.08
179.08
179.13
179.13
179.13
179.13
179.13
179.13
178.78
178.78
178.78
178.78
178.78
178.78
178.69
178.69
178.69
178.69
178.68
178.68
178.68
178.77
178.77
178.77
178.77
178.77
178.83
178.83
178.83
178.83
178.83
178.83
178.85
178.85
178.85
178.85
178.85
178.85
179.19
179.19
179.19
179.19
179.19
179.19
179.19
179.19
179.19
179.19
179.19
179.19
179.19
179.19
179.19
179.19
179.19
179.19
179.19
178.84
178.84
178.84
178.84
178.84
178.84
178.97
178.97
178.97
178.97
178.97
178.97
178.96
178.96
178.96
178.96
178.96
178.96
179.04
179.04
179.04
179.04
179.04
179.04
179.23
179.23
179.23
179.23
179.23
179.23
179.18
179.18
179.18
179.18
179.18
179.18
179.10
179.10
179.10
179.10
179.10
179.10
179.10
179.10
179.10
179.10
179.10
179.10
179.10
179.10
179.10
179.10
179.10
179.10
179.00
179.00
179.00
179.00
179.00
179.00
178.93
178.93
178.93
178.93
178.93
178.93
178.58
178.58
178.58
178.58
178.58
178.58
178.62
178.62
178.62
178.62
178.62
178.62
178.54
178.54
178.54
178.54
178.54
178.54
178.55
178.55
178.55
178.55
178.55
178.55
178.55
178.82
178.82
178.82
178.82
178.82
178.82
178.71
178.71
178.71
178.71
178.71
178.71
178.71
178.71
178.71
178.71
178.71
178.71
178.71
178.71
178.71
178.71
178.71
178.71
178.62
178.62
178.62
178.62
178.62
178.62
178.62
178.67
178.67
178.67
178.67
178.67
178.67
178.67
178.67
178.67
178.67
178.67
178.62
178.62
178.62
178.62
178.62
178.62
178.66
178.66
178.66
178.66
178.66
178.66
178.77
178.77
178.77
178.77
178.77
178.77
178.85
178.85
178.85
178.85
178.85
178.85
178.85
178.85
178.85
178.85
178.85
178.85
179.13
179.13
179.13
179.13
179.13
179.13
179.13
179.13
179.13
179.13
179.13
179.13
179.10
179.10
179.10
179.10
179.10
179.10
179.10
179.10
179.10
179.10
179.10
179.10
179.10
179.10
179.10
179.10
179.10
179.10
179.19
179.19
179.19
179.19
179.19
179.19
179.19
179.19
179.19
179.19
179.19
179.19
179.37
179.37
179.37
179.37
179.37
179.37
179.42
179.42
179.42
179.42
179.42
179.42
179.48
179.48
179.48
179.48
179.48
179.48
179.65
179.65
179.65
179.65
179.65
179.65
179.65
179.65
179.65
179.65
179.65
179.65
179.65
179.65
179.65
179.65
179.65
179.65
179.65
179.67
179.67
179.67
179.67
179.67
179.67
179.65
179.65
179.65
179.65
179.65
179.65
179.67
179.67
179.67
179.67
179.67
179.67
179.67
179.67
179.67
179.67
179.67
179.67
179.67
179.67
179.67
179.67
179.67
179.67
179.67
179.68
179.68
179.68
179.68
179.68
179.81
179.81
179.81
179.81
179.81
179.81
179.81
179.81
179.81
179.81
179.81
179.81
179.81
179.81
179.81
179.81
179.81
179.81
179.81
179.81
179.81
179.81
179.81
179.81
179.81
179.81
179.81
179.81
179.81
179.81
179.81
179.81
179.81
179.81
179.81
179.81
180.01
180.01
180.01
180.01
180.01
180.01
180.05
180.05
180.05
180.05
180.05
180.05
180.10
180.10
180.10
180.10
180.10
180.10
180.28
180.28
180.28
180.28
180.28
180.28
180.28
180.28
180.28
180.28
180.28
180.28
180.17
180.17
180.17
180.17
180.17
180.17
180.27
180.27
180.27
180.27
180.27
180.27
180.28
180.28
180.28
180.28
180.28
180.28
180.36
180.36
180.36
180.36
180.36
180.36
180.58
180.58
180.58
180.58
180.58
180.58
180.60
180.60
180.60
180.60
180.60
180.60
180.60
180.60
180.60
180.60
180.60
180.60
180.67
180.67
180.67
180.67
180.67
180.67
180.72
180.72
180.72
180.72
180.72
180.72
181.02
181.02
181.02
181.02
181.02
181.02
181.02
181.02
181.02
181.02
181.02
181.02
181.02
181.36
181.36
181.36
181.36
181.36
181.36
181.00
181.00
181.00
181.00
181.00
181.00
179.95
179.95
179.95
179.95
179.95
179.95
180.79
180.79
180.79
180.79
180.79
180.79
180.35
180.35
180.35
180.35
180.35
180.35
180.67
180.67
180.67
180.67
180.67
180.67
180.43
180.43
180.43
180.43
180.43
180.43
180.44
180.44
180.44
180.44
180.44
180.44
180.35
180.35
180.35
180.35
180.35
180.35
180.34
180.34
180.34
180.34
180.34
180.34
180.08
180.08
180.08
180.08
180.08
180.08
180.10
180.10
180.10
180.10
180.10
180.10
180.07
180.07
180.07
180.07
180.07
180.07
180.16
180.16
180.16
180.16
180.16
180.16
180.16
180.16
180.16
180.16
180.16
180.16
180.09
180.09
180.09
180.09
180.09
180.09
180.10
180.10
180.10
180.10
180.10
180.10
180.10
180.10
180.10
180.10
180.10
180.10
180.10
180.10
180.10
180.10
180.10
180.10
180.10
180.10
180.10
180.10
180.10
180.10
180.01
180.01
180.01
180.01
180.01
180.01
180.01
180.01
180.01
180.01
180.01
180.01
179.89
179.89
179.89
179.89
179.89
179.89
179.87
179.87
179.87
179.87
179.87
179.87
179.69
179.69
179.69
179.69
179.69
179.69
179.67
179.67
179.67
179.67
179.67
179.67
179.71
179.71
179.71
179.71
179.71
179.71
179.78
179.78
179.78
179.78
179.78
179.78
180.06
180.06
180.06
180.06
180.06
180.06
180.06
180.06
180.06
180.06
180.06
180.06
180.07
180.07
180.07
180.07
180.07
180.07
180.07
180.07
180.07
180.07
180.07
180.07
180.07
180.07
180.07
180.07
180.07
180.07
180.07
180.07
180.07
180.07
180.07
180.07
180.07
180.07
180.07
180.07
180.07
180.07
179.72
179.72
179.72
179.72
179.72
179.72
179.80
179.80
179.80
179.80
179.80
179.80
179.81
179.81
179.81
179.81
179.81
179.81
179.82
179.82
179.82
179.82
179.82
179.82
179.97
179.97
179.97
179.97
179.97
179.97
179.93
179.93
179.93
179.93
179.93
179.93
179.93
179.93
179.93
179.93
179.93
179.93
179.94
179.94
179.94
179.94
179.94
179.94
179.94
179.94
179.94
179.94
179.94
179.94
179.94
179.94
179.94
179.94
179.94
179.94
179.94
179.94
179.94
179.94
179.94
179.94
179.93
179.93
179.93
179.93
179.93
179.93
179.93
179.93
179.93
179.93
179.93
179.93
179.87
179.87
179.87
179.87
179.87
179.87
179.69
179.69
179.69
179.69
179.69
179.69
179.69
179.69
179.69
179.69
179.69
179.69
179.69
179.19
179.19
179.19
179.19
179.19
178.96
178.96
178.96
178.96
178.96
178.96
178.91
178.91
178.91
178.91
178.91
178.91
178.91
178.91
178.91
178.91
178.91
178.91
178.91
178.84
178.84
178.84
178.84
178.84
178.91
178.91
178.91
178.91
178.91
178.91
178.91
178.91
178.91
178.91
178.91
178.91
178.91
178.91
178.91
178.91
178.91
178.91
178.91
178.97
178.97
178.97
178.97
178.97
178.97
178.97
178.97
178.97
178.97
178.97
178.97
178.97
178.97
178.97
178.97
178.97
178.97
178.97
178.97
178.97
178.97
178.70
178.70
178.70
178.70
178.70
178.70
178.77
178.77
178.77
178.77
178.77
178.77
178.77
178.66
178.66
178.66
178.66
178.66
178.60
178.60
178.60
178.60
178.60
178.60
178.60
178.60
178.60
178.60
178.60
178.60
178.69
178.69
178.69
178.69
178.69
178.69
178.69
178.64
178.64
178.64
178.64
178.64
178.62
178.62
178.62
178.62
178.62
178.62
178.79
178.79
178.79
178.79
178.79
178.79
178.82
178.82
178.82
178.82
178.82
178.82
178.82
178.95
178.95
178.95
178.95
178.95
178.95
178.95
178.95
178.95
178.95
178.95
178.95
178.95
178.64
178.64
178.64
178.64
178.64
178.73
178.73
178.73
178.73
178.73
178.73
178.73
178.62
178.62
178.62
178.62
178.62
178.62
178.67
178.67
178.67
178.67
178.67
178.84
178.84
178.84
178.84
178.84
178.84
178.91
178.91
178.91
178.91
178.91
178.91
178.86
178.86
178.86
178.86
178.86
178.86
178.86
178.86
178.86
178.86
178.86
178.86
178.86
178.86
178.86
178.86
178.86
178.86
178.86
178.86
178.86
178.86
178.86
178.86
178.55
178.55
178.55
178.55
178.55
178.55
178.55
178.55
178.55
178.55
178.55
178.55
178.55
178.55
178.55
178.55
178.55
178.55
178.55
178.55
178.55
178.55
178.55
178.55
178.55
178.49
178.49
178.49
178.49
178.49
178.49
178.49
178.49
178.49
178.49
178.49
178.20
178.20
178.20
178.20
178.20
178.20
177.35
177.35
177.35
177.35
177.35
177.35
177.21
177.21
177.21
177.21
177.21
177.21
176.72
176.72
176.72
176.72
176.72
176.72
176.72
176.72
176.72
176.72
176.72
176.72
176.72
176.72
176.72
176.72
176.72
176.72
176.72
176.72
176.72
176.72
176.72
176.72
176.72
176.72
176.72
176.72
176.72
176.72
176.72
176.72
176.72
176.72
176.72
176.72
176.72
176.72
176.72
176.72
176.72
176.72
176.72
176.72
176.72
176.72
176.72
176.72
176.72
176.72
176.72
176.72
176.72
176.72
176.72
177.40
177.40
177.40
177.40
177.40
176.99
176.99
176.99
176.99
176.99
176.99
176.80
176.80
176.80
176.80
176.80
176.80
176.80
176.80
176.67
176.67
176.67
176.67
176.67
176.68
176.68
176.68
176.68
176.68
176.68
176.49
176.49
176.49
176.49
176.49
176.49
176.49
176.48
176.48
176.48
176.48
176.48
176.48
176.23
176.23
176.23
176.23
176.23
176.23
176.23
176.23
176.23
176.23
176.23
176.23
176.46
176.46
176.46
176.46
176.46
176.46
176.81
176.81
176.81
176.81
176.81
176.81
177.21
177.21
177.21
177.21
177.21
177.21
177.11
177.11
177.11
177.11
177.11
177.11
176.62
176.62
176.62
176.62
176.62
176.62
176.67
176.67
176.67
176.67
176.67
176.67
176.52
176.52
176.52
176.52
176.52
176.52
176.52
176.52
176.52
176.52
176.52
176.52
176.32
176.32
176.32
176.32
176.32
176.32
176.22
176.22
176.22
176.22
176.22
176.22
176.22
176.22
176.22
176.22
176.22
176.22
176.02
176.02
176.02
176.02
176.02
176.02
176.02
175.88
175.88
175.88
175.88
175.88
175.88
175.88
175.88
175.88
175.88
175.88
175.88
175.88
175.88
175.88
175.88
175.88
175.88
175.88
175.88
175.88
175.88
175.88
175.88
176.02
176.02
176.02
176.02
176.02
176.02
176.02
176.22
176.22
176.22
176.22
176.22
176.22
176.22
176.22
176.22
176.22
176.22
176.22
176.22
176.22
176.22
176.22
176.22
176.23
176.23
176.23
176.23
176.23
176.23
176.34
176.34
176.34
176.34
176.34
176.34
176.34
176.34
176.34
176.34
176.34
176.34
176.34
176.34
176.34
176.34
176.34
176.34
176.34
176.09
176.09
176.09
176.09
176.09
176.09
175.73
175.73
175.73
175.73
175.73
175.73
175.55
175.55
175.55
175.55
175.55
175.55
175.55
175.55
175.55
175.55
175.55
175.55
175.55
175.55
175.55
175.55
175.55
175.55
175.68
175.68
175.68
175.68
175.68
175.68
175.55
175.55
175.55
175.55
175.55
175.55
175.48
175.48
175.48
175.48
175.48
175.48
175.48
175.48
175.48
175.48
175.48
175.48
175.48
175.48
175.48
175.48
175.48
175.48
175.48
175.48
175.48
175.48
175.48
175.48
175.48
175.48
175.48
175.48
175.48
175.48
175.81
175.81
175.81
175.81
175.81
175.81
175.81
175.81
175.81
175.81
175.81
175.81
175.81
175.81
175.81
175.81
175.81
175.81
175.81
175.81
175.81
175.81
175.81
175.81
175.81
175.81
175.81
175.81
175.81
175.81
175.73
175.73
175.73
175.73
175.73
175.73
175.73
175.73
175.73
175.73
175.73
175.73
175.65
175.65
175.65
175.65
175.65
175.65
175.65
175.65
175.65
175.65
175.65
175.65
175.65
175.65
175.65
175.65
175.65
175.65
175.65
175.65
175.65
175.65
175.65
175.65
175.53
175.53
175.53
175.53
175.53
175.53
175.53
175.53
175.53
175.53
175.53
175.53
175.53
175.53
175.53
175.53
175.53
175.53
175.53
175.53
175.53
175.53
175.53
175.53
175.53
175.53
175.53
175.53
175.53
175.53
175.53
175.53
175.53
175.53
175.53
175.53
175.53
175.53
175.53
175.53
175.53
175.53
175.53
175.53
175.53
175.53
175.53
175.53
175.95
175.95
175.95
175.95
175.95
175.95
176.44
176.44
176.44
176.44
176.44
176.44
176.44
176.44
176.44
176.44
176.44
176.44
176.44
176.22
176.22
176.22
176.22
176.22
176.49
176.49
176.49
176.49
176.49
176.49
176.49
176.71
176.71
176.71
176.71
176.71
177.21
177.21
177.21
177.21
177.21
177.21
177.07
177.07
177.07
177.07
177.07
177.07
177.07
177.07
177.07
177.07
177.07
177.07
177.07
177.07
177.07
177.07
177.07
177.07
177.09
177.09
177.09
177.09
177.09
177.09
177.16
177.16
177.16
177.16
177.16
177.16
177.18
177.18
177.18
177.18
177.18
177.18
177.18
177.18
177.18
177.18
177.18
177.18
177.18
177.18
177.18
177.18
177.18
177.18
177.18
177.18
177.18
177.18
177.18
177.18
177.18
177.18
177.18
177.18
177.18
177.18
177.18
177.18
177.18
177.18
177.18
177.18
177.18
177.18
177.18
177.18
177.18
177.18
177.02
177.02
177.02
177.02
177.02
177.02
176.53
176.53
176.53
176.53
176.53
176.53
176.53
176.46
176.46
176.46
176.46
176.46
176.36
176.36
176.36
176.36
176.36
176.36
176.36
176.36
176.36
176.36
176.36
176.36
176.36
176.36
176.36
176.36
176.36
176.36
176.53
176.53
176.53
176.53
176.53
176.53
176.97
176.97
176.97
176.97
176.97
176.97
176.44
176.44
176.44
176.44
176.44
176.44
176.44
176.44
176.44
176.44
176.44
176.44
176.44
176.44
176.44
176.44
176.44
176.44
176.45
176.45
176.45
176.45
176.45
176.45
176.45
176.45
176.45
176.45
176.45
176.45
176.44
176.44
176.44
176.44
176.44
176.44
176.24
176.24
176.24
176.24
176.24
176.24
176.24
176.24
176.24
176.24
176.24
176.24
176.24
176.24
176.24
176.24
176.24
176.24
176.24
176.30
176.30
176.30
176.30
176.30
176.30
176.23
176.23
176.23
176.23
176.23
176.23
176.22
176.22
176.22
176.22
176.22
176.22
176.18
176.18
176.18
176.18
176.18
176.18
176.21
176.21
176.21
176.21
176.21
176.21
176.45
176.45
176.45
176.45
176.45
176.45
176.45
176.45
176.45
176.45
176.45
176.45
176.74
176.74
176.74
176.74
176.74
176.74
176.62
176.62
176.62
176.62
176.62
176.62
176.62
176.62
176.62
176.62
176.62
176.62
176.34
176.34
176.34
176.34
176.34
176.34
176.22
176.22
176.22
176.22
176.22
176.22
176.17
176.17
176.17
176.17
176.17
176.17
176.17
176.06
176.06
176.06
176.06
176.06
176.06
176.01
176.01
176.01
176.01
176.01
176.01
176.11
176.11
176.11
176.11
176.11
176.11
176.17
176.17
176.17
176.17
176.17
176.17
175.93
175.93
175.93
175.93
175.93
175.93
175.91
175.91
175.91
175.91
175.91
175.91
175.90
175.90
175.90
175.90
175.90
175.90
175.88
175.88
175.88
175.88
175.88
175.88
175.88
175.88
175.88
175.88
175.88
175.88
175.78
175.78
175.78
175.78
175.78
175.78
175.78
175.78
175.78
175.78
175.78
175.78
175.78
175.78
175.78
175.78
175.78
175.78
175.98
175.98
175.98
175.98
175.98
175.98
176.17
176.17
176.17
176.17
176.17
176.17
176.17
176.21
176.21
176.21
176.21
176.21
176.21
176.21
176.21
176.21
176.21
176.21
175.77
175.77
175.77
175.77
175.77
175.77
175.74
175.74
175.74
175.74
175.74
175.74
175.74
175.74
175.74
175.74
175.74
175.74
175.74
175.60
175.60
175.60
175.60
175.60
175.60
175.57
175.57
175.57
175.57
175.57
175.54
175.54
175.54
175.54
175.54
175.54
175.49
175.49
175.49
175.49
175.49
175.49
174.87
174.87
174.87
174.87
174.87
174.87
173.89
173.89
173.89
173.89
173.89
173.89
173.65
173.65
173.65
173.65
173.65
173.65
173.65
173.65
173.65
173.65
173.65
173.65
173.65
173.65
173.65
173.65
173.65
173.65
173.65
173.65
173.65
173.65
173.65
173.65
174.11
174.11
174.11
174.11
174.11
174.11
173.68
173.68
173.68
173.68
173.68
173.68
173.68
173.68
173.68
173.68
173.68
173.68
174.08
174.08
174.08
174.08
174.08
174.08
174.08
174.08
174.08
174.08
174.08
174.08
173.74
173.74
173.74
173.74
173.74
173.74
173.74
173.74
173.74
173.74
173.74
173.74
173.56
173.56
173.56
173.56
173.56
173.56
173.35
173.35
173.35
173.35
173.35
173.35
173.35
173.35
173.35
173.35
173.35
173.35
173.25
173.25
173.25
173.25
173.25
173.25
173.25
173.56
173.56
173.56
173.56
173.56
173.56
173.29
173.29
173.29
173.29
173.29
173.29
173.46
173.46
173.46
173.46
173.46
173.46
173.56
173.56
173.56
173.56
173.56
173.56
173.56
173.56
173.56
173.56
173.56
173.56
173.56
173.74
173.74
173.74
173.74
173.74
173.94
173.94
173.94
173.94
173.94
173.94
174.23
174.23
174.23
174.23
174.23
174.23
174.58
174.58
174.58
174.58
174.58
174.58
174.58
174.58
174.58
174.58
174.58
174.58
174.58
174.58
174.58
174.58
174.58
174.58
173.47
173.47
173.47
173.47
173.47
173.47
173.33
173.33
173.33
173.33
173.33
173.33
172.27
172.27
172.27
172.27
172.27
172.27
172.26
172.26
172.26
172.26
172.26
172.26
171.98
171.98
171.98
171.98
171.98
171.98
171.98
171.98
171.98
171.98
171.98
171.98
171.98
171.98
171.98
171.98
171.98
171.98
171.98
171.98
171.98
171.98
171.98
171.98
171.98
171.89
171.89
171.89
171.89
171.89
171.89
173.00
173.00
173.00
173.00
173.00
173.00
173.02
173.02
173.02
173.02
173.02
173.02
173.02
173.02
173.02
173.02
173.02
173.02
172.56
172.56
172.56
172.56
172.56
172.56
173.25
173.25
173.25
173.25
173.25
173.25
172.95
172.95
172.95
172.95
172.95
172.95
172.96
172.96
172.96
172.96
172.96
172.96
172.96
172.96
172.96
172.96
172.96
172.96
172.96
172.86
172.86
172.86
172.86
172.86
172.86
172.86
172.86
172.86
172.86
172.86
172.72
172.72
172.72
172.72
172.72
172.72
172.72
173.35
173.35
173.35
173.35
173.35
173.94
173.94
173.94
173.94
173.94
173.94
173.94
173.94
173.94
173.94
173.94
173.94
173.94
173.55
173.55
173.55
173.55
173.55
173.55
173.04
173.04
173.04
173.04
173.04
173.04
173.18
173.18
173.18
173.18
173.18
173.18
172.72
172.72
172.72
172.72
172.72
172.72
172.72
172.72
172.72
172.72
172.72
172.72
172.72
172.72
172.72
172.72
172.72
172.72
172.72
172.72
172.72
172.72
172.72
172.72
172.99
172.99
172.99
172.99
172.99
172.99
172.99
173.16
173.16
173.16
173.16
173.16
173.10
173.10
173.10
173.10
173.10
173.10
173.10
173.07
173.07
173.07
173.07
173.07
173.07
173.24
173.24
173.24
173.24
173.24
173.24
173.24
173.24
173.24
173.24
173.24
173.24
173.24
173.24
173.24
173.24
173.24
173.24
173.24
173.24
173.24
173.24
173.24
173.24
173.24
173.24
173.24
173.24
173.24
173.24
173.24
173.24
173.24
173.24
173.24
173.24
173.24
173.09
173.09
173.09
173.09
173.09
173.09
173.09
173.09
173.09
173.09
173.09
173.09
173.20
173.20
173.20
173.20
173.20
173.20
173.12
173.12
173.12
173.12
173.12
173.12
173.15
173.15
173.15
173.15
173.15
173.15
173.15
173.34
173.34
173.34
173.34
173.34
173.34
173.74
173.74
173.74
173.74
173.74
173.74
173.92
173.92
173.92
173.92
173.92
173.92
174.12
174.12
174.12
174.12
174.12
174.12
174.18
174.18
174.18
174.18
174.18
174.18
174.15
174.15
174.15
174.15
174.15
174.15
174.15
173.75
173.75
173.75
173.75
173.75
173.75
173.97
173.97
173.97
173.97
173.97
173.97
174.17
174.17
174.17
174.17
174.17
174.17
174.17
174.17
174.17
174.17
174.17
174.17
174.17
174.17
174.17
174.17
174.17
174.17
174.17
174.17
174.17
174.17
174.17
174.17
174.17
174.39
174.39
174.39
174.39
174.39
174.39
174.39
174.39
174.39
174.39
174.39
174.39
174.50
174.50
174.50
174.50
174.50
174.50
174.50
174.50
174.50
174.50
174.50
174.50
174.68
174.68
174.68
174.68
174.68
174.68
174.83
174.83
174.83
174.83
174.83
174.83
175.00
175.00
175.00
175.00
175.00
175.00
175.23
175.23
175.23
175.23
175.23
175.23
175.23
175.23
175.23
175.23
175.23
175.23
175.23
175.23
175.23
175.23
175.23
175.23
175.23
175.23
175.23
175.23
175.23
175.23
175.14
175.14
175.14
175.14
175.14
175.14
175.15
175.15
175.15
175.15
175.15
175.15
175.15
175.15
175.15
175.15
175.15
175.15
175.15
175.14
175.14
175.14
175.14
175.14
175.14
174.75
174.75
174.75
174.75
174.75
174.75
174.59
174.59
174.59
174.59
174.59
174.59
174.59
174.59
174.59
174.59
174.59
174.59
174.59
174.22
174.22
174.22
174.22
174.22
174.22
174.22
174.22
174.22
174.22
174.22
174.18
174.18
174.18
174.18
174.18
174.18
174.18
174.18
174.18
174.18
174.18
174.18
174.14
174.14
174.14
174.14
174.14
174.14
174.10
174.10
174.10
174.10
174.10
174.10
174.01
174.01
174.01
174.01
174.01
174.01
174.11
174.11
174.11
174.11
174.11
174.11
174.11
174.11
174.11
174.11
174.11
174.11
174.11
174.11
174.11
174.11
174.11
174.11
174.00
174.00
174.00
174.00
174.00
174.00
173.37
173.37
173.37
173.37
173.37
173.37
173.34
173.34
173.34
173.34
173.34
173.34
173.07
173.07
173.07
173.07
173.07
173.07
172.69
172.69
172.69
172.69
172.69
172.69
172.74
172.74
172.74
172.74
172.74
172.74
173.11
173.11
173.11
173.11
173.11
173.11
173.11
173.11
173.11
173.11
173.11
173.11
173.11
173.11
173.11
173.11
173.11
173.11
173.11
173.11
173.11
173.11
173.11
173.11
173.11
173.11
173.11
173.11
173.11
173.11
173.11
173.11
173.11
173.11
173.11
173.11
173.06
173.06
173.06
173.06
173.06
173.06
172.30
172.30
172.30
172.30
172.30
172.30
172.30
172.30
172.30
172.30
172.30
172.30
172.30
172.30
172.83
172.83
172.83
172.83
172.83
172.56
172.56
172.56
172.56
172.56
172.56
172.60
172.60
172.60
172.60
172.60
172.60
172.61
172.61
172.61
172.61
173.77
173.77
173.77
176.74
176.74
176.74
176.74
176.67
176.67
176.67
176.67
176.67
176.67
176.67
176.67
176.67
176.67
176.67
176.67
176.22
176.22
176.22
176.22
176.22
176.22
175.89
175.89
175.89
175.89
175.89
175.89
175.77
175.77
175.77
175.77
175.77
175.77
175.84
175.84
175.84
175.84
175.84
175.84
175.90
175.90
175.90
175.90
175.90
175.90
175.64
175.64
175.64
175.64
175.64
175.64
175.68
175.68
175.68
175.68
175.68
175.68
175.36
175.36
175.36
175.36
175.36
175.36
175.43
175.43
175.43
175.43
175.43
175.43
175.43
175.43
175.43
175.43
175.43
175.43
175.18
175.18
175.18
175.18
175.18
175.18
175.17
175.17
175.17
175.17
175.17
175.17
175.18
175.18
175.18
175.18
175.18
175.18
175.17
175.17
175.17
175.17
175.17
175.17
175.64
175.64
175.64
175.64
175.64
175.64
175.96
175.96
175.96
175.96
175.96
175.96
176.03
176.03
176.03
176.03
176.03
176.03
176.03
176.03
176.03
176.03
176.03
176.03
176.03
176.03
176.03
176.03
176.03
176.03
176.09
176.09
176.09
176.09
176.09
176.09
176.09
176.03
176.03
176.03
176.03
176.03
175.43
175.43
175.43
175.43
175.43
175.43
175.43
175.43
175.43
175.43
175.43
175.43
175.32
175.32
175.32
175.32
175.32
175.32
175.32
175.32
175.32
175.32
175.32
175.32
175.27
175.27
175.27
175.27
175.27
175.27
175.29
175.29
175.29
175.29
175.29
175.29
175.29
175.29
175.29
175.29
175.29
175.29
175.27
175.27
175.27
175.27
175.27
175.27
175.27
175.27
175.27
175.27
175.27
175.27
175.27
175.27
175.27
175.27
175.27
175.27
175.27
175.27
175.27
175.27
175.27
175.27
175.27
175.27
175.27
175.27
175.27
175.27
175.27
175.27
175.27
175.27
175.27
175.27
175.27
175.27
175.27
175.27
175.27
175.27
175.27
175.27
175.27
175.27
175.27
175.27
175.27
175.27
175.27
175.27
175.27
175.27
175.58
175.58
175.58
175.58
175.58
175.58
175.58
175.58
175.58
175.58
175.58
175.58
175.72
175.72
175.72
175.72
175.72
175.72
175.99
175.99
175.99
175.99
175.99
175.99
176.16
176.16
176.16
176.16
176.16
176.16
176.16
176.16
176.16
176.16
176.16
176.16
176.16
176.16
176.16
176.16
176.16
176.16
176.12
176.12
176.12
176.12
176.12
176.12
176.12
176.12
176.12
176.12
176.12
176.12
176.12
175.77
175.77
175.77
175.77
175.77
175.81
175.81
175.81
175.81
175.81
175.81
175.81
175.81
175.81
175.81
175.81
175.81
175.81
175.81
175.81
175.81
175.81
175.81
175.81
175.81
175.81
175.81
175.81
175.81
175.81
175.81
175.81
175.81
175.81
175.81
175.80
175.80
175.80
175.80
175.80
175.80
175.80
175.80
175.26
175.26
175.26
175.26
175.26
174.79
174.79
174.79
174.79
174.79
174.79
174.79
174.79
174.79
174.79
174.79
174.79
174.79
174.79
174.79
174.79
174.79
174.79
174.79
173.91
173.91
173.91
173.91
173.91
173.85
173.85
173.85
173.85
173.85
173.85
173.85
173.85
173.85
173.85
173.85
173.85
173.13
173.13
173.13
173.13
173.13
173.13
172.91
172.91
172.91
172.91
172.91
172.91
172.91
172.91
172.91
172.91
172.91
172.91
172.08
172.08
172.08
172.08
172.08
172.08
171.88
171.88
171.88
171.88
171.88
171.88
171.88
171.88
171.88
171.88
171.88
171.88
171.88
171.88
171.88
171.88
171.88
171.88
172.67
172.67
172.67
172.67
172.67
172.67
172.67
172.67
172.67
172.67
172.67
172.67
172.40
172.40
172.40
172.40
172.40
172.40
172.40
172.40
172.40
172.40
172.40
172.40
172.40
172.45
172.45
172.45
172.45
172.45
172.45
172.55
172.55
172.55
172.55
172.55
172.75
172.75
172.75
172.75
172.75
172.75
172.75
172.75
172.75
172.75
172.75
172.75
172.23
172.23
172.23
172.23
172.23
172.23
172.24
172.24
172.24
172.24
172.24
172.24
172.24
172.24
172.24
172.24
172.24
172.24
172.24
171.44
171.44
171.44
171.44
171.44
171.44
171.44
171.44
171.44
171.44
171.44
171.28
171.28
171.28
171.28
171.28
171.28
171.02
171.02
171.02
171.02
171.02
171.02
171.02
171.13
171.13
171.13
171.13
171.13
171.13
171.27
171.27
171.27
171.27
171.27
171.27
171.27
171.27
171.27
171.27
171.27
171.27
171.27
171.27
171.27
171.27
171.27
171.27
171.27
171.27
171.27
171.27
171.27
171.25
171.25
171.25
171.25
171.25
171.25
171.22
171.22
171.22
171.22
171.22
171.22
171.22
171.22
171.22
171.22
171.22
171.22
171.36
171.36
171.36
171.36
171.36
171.36
171.36
171.36
171.36
171.36
171.36
171.36
171.38
171.38
171.38
171.38
171.38
171.38
171.38
171.38
171.38
171.38
171.38
171.38
171.41
171.41
171.41
171.41
171.41
171.41
171.84
171.84
171.84
171.84
171.84
171.84
172.18
172.18
172.18
172.18
172.18
172.18
172.59
172.59
172.59
172.59
172.59
172.59
172.31
172.31
172.31
172.31
172.31
172.31
172.32
172.32
172.32
172.32
172.32
172.32
172.27
172.27
172.27
172.27
172.27
172.27
172.27
172.27
172.27
172.27
172.27
172.27
172.27
172.27
172.27
172.27
172.27
172.27
172.27
172.27
172.27
172.27
172.27
172.27
172.27
172.27
172.27
172.27
172.27
172.27
172.27
172.27
172.27
172.27
172.27
172.27
172.27
172.27
172.27
172.27
172.27
172.27
172.27
172.27
172.27
172.27
172.27
172.27
172.27
172.27
172.27
172.27
172.27
172.27
172.27
172.27
172.27
172.27
172.27
172.27
172.27
172.27
172.27
172.27
172.27
172.27
172.28
172.28
172.28
172.28
172.28
172.28
172.28
172.28
172.28
172.28
172.28
172.28
172.28
172.28
172.28
172.28
172.28
172.28
172.70
172.70
172.70
172.70
172.70
172.70
172.75
172.75
172.75
172.75
172.75
172.75
172.75
172.75
172.75
172.75
172.75
172.75
172.75
172.75
172.75
172.75
172.75
172.75
172.75
172.75
172.75
172.75
172.75
172.75
172.67
172.67
172.67
172.67
172.67
172.67
172.69
172.69
172.69
172.69
172.69
172.69
172.69
172.69
172.69
172.69
172.69
172.69
172.69
172.69
172.69
172.69
172.69
172.69
172.69
172.69
172.69
172.69
172.69
172.69
172.69
172.69
172.69
172.69
172.69
172.69
172.91
172.91
172.91
172.91
172.91
172.91
172.95
172.95
172.95
172.95
172.95
172.95
172.96
172.96
172.96
172.96
172.96
172.96
172.96
172.96
172.96
172.96
172.96
172.96
172.96
172.96
172.96
172.96
172.96
172.96
172.30
172.30
172.30
172.30
172.30
172.30
172.30
171.91
171.91
171.91
171.91
171.91
171.67
171.67
171.67
171.67
171.67
171.67
171.67
171.67
171.67
171.67
171.67
171.67
171.69
171.69
171.69
171.69
171.69
171.69
171.69
171.69
171.69
171.69
171.69
171.69
171.69
171.69
171.69
171.69
171.69
171.69
171.62
171.62
171.62
171.62
171.62
171.62
171.60
171.60
171.60
171.60
171.60
171.60
171.70
171.70
171.70
171.70
171.70
171.70
171.74
171.74
171.74
171.74
171.74
171.74
172.21
172.21
172.21
172.21
172.21
172.21
172.21
172.21
172.21
172.21
172.21
172.21
172.21
172.21
172.21
172.21
172.21
172.21
173.28
173.28
173.28
173.28
173.28
173.28
173.47
173.47
173.47
173.47
173.47
173.47
173.47
173.47
173.47
173.47
173.47
173.47
173.47
173.47
173.47
173.47
173.47
173.47
173.63
173.63
173.63
173.63
173.63
173.63
173.64
173.64
173.64
173.64
173.64
173.64
173.96
173.96
173.96
173.96
173.96
173.96
173.96
173.59
173.59
173.59
173.59
173.59
173.59
173.59
173.59
173.59
173.59
173.59
173.59
173.18
173.18
173.18
173.18
173.18
173.18
173.16
173.16
173.16
173.16
173.16
173.16
173.19
173.19
173.19
173.19
173.19
173.19
173.25
173.25
173.25
173.25
173.25
173.25
173.25
173.25
173.25
173.25
173.25
173.25
173.58
173.58
173.58
173.58
173.58
173.58
174.04
174.04
174.04
174.04
174.04
174.04
174.67
174.67
174.67
174.67
174.67
174.67
174.58
174.58
174.58
174.58
174.58
174.58
174.58
174.67
174.67
174.67
174.67
174.67
174.67
174.24
174.24
174.24
174.24
174.24
173.41
173.41
173.41
173.41
173.41
173.41
173.41
173.30
173.30
173.30
173.30
173.30
173.25
173.25
173.25
173.25
173.25
173.25
172.81
172.81
172.81
172.81
172.81
172.81
172.65
172.65
172.65
172.65
172.65
172.65
172.57
172.57
172.57
172.57
172.57
172.57
172.57
172.57
172.57
172.57
172.57
172.57
172.57
172.57
172.57
172.57
172.57
172.57
172.57
172.57
172.57
172.57
172.57
172.57
172.82
172.82
172.82
172.82
172.82
172.82
172.82
172.82
172.82
172.82
172.82
172.82
172.82
172.87
172.87
172.87
172.87
172.87
172.87
172.87
172.87
172.87
172.87
172.87
172.87
172.88
172.88
172.88
172.88
172.88
173.00
173.00
173.00
173.00
173.00
173.00
172.60
172.60
172.60
172.60
172.60
172.60
172.75
172.75
172.75
172.75
172.75
172.75
173.02
173.02
173.02
173.02
173.02
173.02
173.05
173.05
173.05
173.05
173.05
173.05
173.06
173.06
173.06
173.06
173.06
173.06
173.16
173.16
173.16
173.16
173.16
173.16
173.05
173.05
173.05
173.05
173.05
173.05
173.05
173.05
173.05
173.05
173.05
173.05
173.05
173.05
173.05
173.05
173.05
173.05
172.88
172.88
172.88
172.88
172.88
172.88
172.56
172.56
172.56
172.56
172.56
172.56
172.43
172.43
172.43
172.43
172.43
172.43
172.35
172.35
172.35
172.35
172.35
172.35
172.42
172.42
172.42
172.42
172.42
172.42
172.37
172.37
172.37
172.37
172.37
172.37
172.35
172.35
172.35
172.35
172.35
172.35
172.45
172.45
172.45
172.45
172.45
172.45
172.45
172.45
172.45
172.45
172.45
172.45
172.45
172.45
172.45
172.45
172.45
172.45
172.45
172.45
172.45
172.45
172.45
172.45
172.45
172.45
172.45
172.45
172.45
172.45
172.45
172.45
172.45
172.45
172.45
172.45
172.45
172.45
172.45
172.45
172.45
172.45
172.90
172.90
172.90
172.90
172.90
172.90
173.09
173.09
173.09
173.09
173.09
173.09
173.09
173.09
173.09
173.09
173.09
173.09
173.25
173.25
173.25
173.25
173.25
173.25
173.25
173.25
173.25
173.25
173.25
173.25
173.25
173.25
173.25
173.25
173.25
173.25
173.25
173.25
173.25
173.25
173.25
173.25
173.72
173.72
173.72
173.72
173.72
173.72
173.72
173.72
173.72
173.72
173.72
173.72
173.72
173.72
173.72
173.72
173.72
173.72
173.72
173.72
173.72
173.72
173.72
173.72
173.72
173.72
173.72
173.72
173.72
173.72
173.72
173.72
173.72
173.72
173.72
173.72
173.72
173.72
173.72
173.72
173.72
173.72
173.72
173.72
173.72
173.72
173.72
173.72
173.72
173.72
173.72
173.72
173.72
173.72
173.88
173.88
173.88
173.88
173.88
173.88
173.88
173.88
173.88
173.88
173.88
173.88
173.88
173.88
173.88
173.88
173.88
173.88
173.88
173.88
173.88
173.88
173.88
173.88
173.88
173.88
173.88
173.88
173.88
173.88
173.88
173.88
173.88
173.88
173.88
173.88
173.87
173.87
173.87
173.87
173.87
173.87
173.87
173.87
173.87
173.87
173.87
173.87
173.87
173.87
173.87
173.87
173.87
173.87
173.87
173.87
173.87
173.87
173.87
173.87
173.87
173.87
173.87
173.87
173.87
173.87
173.87
173.87
173.87
173.87
173.87
173.87
173.87
173.87
173.87
173.87
173.87
173.87
173.87
173.87
173.87
173.87
173.87
173.87
173.85
173.85
173.85
173.85
173.85
173.85
173.85
173.85
173.85
173.85
173.85
173.85
173.85
173.85
173.85
173.85
173.85
173.85
173.85
173.85
173.85
173.85
173.85
173.85
173.85
173.85
173.85
173.85
173.85
173.85
173.85
173.85
173.85
173.85
173.85
173.85
173.85
173.85
173.85
173.85
173.85
173.85
173.85
173.85
173.85
173.85
173.85
173.85
173.85
173.85
173.85
173.85
173.85
173.85
173.85
173.85
173.85
173.85
173.85
173.85
173.85
173.85
173.85
173.85
173.85
173.85
173.85
173.85
173.85
173.85
173.85
173.85
173.85
173.85
173.85
173.85
173.85
173.85
173.85
173.85
173.85
173.85
173.85
173.85
173.85
173.85
173.85
173.85
173.85
173.85
173.74
173.74
173.74
173.74
173.74
173.74
173.78
173.78
173.78
173.78
173.78
173.78
173.58
173.58
173.58
173.58
173.58
173.58
173.59
173.59
173.59
173.59
173.59
173.59
173.63
173.63
173.63
173.63
173.63
173.63
173.70
173.70
173.70
173.70
173.70
173.70
173.71
173.71
173.71
173.71
173.71
173.71
173.72
173.72
173.72
173.72
173.72
173.72
173.72
173.72
173.72
173.72
173.72
173.72
173.64
173.64
173.64
173.64
173.64
173.64
173.64
173.63
173.63
173.63
173.63
173.63
173.64
173.64
173.64
173.64
173.64
173.64
173.55
173.55
173.55
173.55
173.55
173.55
173.37
173.37
173.37
173.37
173.37
173.37
173.37
173.37
173.37
173.37
173.37
173.37
173.06
173.06
173.06
173.06
173.06
173.06
173.06
172.77
172.77
172.77
172.77
172.77
172.75
172.75
172.75
172.75
172.75
172.75
172.76
172.76
172.76
172.76
172.76
172.76
172.90
172.90
172.90
172.90
172.90
172.90
172.92
172.92
172.92
172.92
172.92
172.92
172.74
172.74
172.74
172.74
172.74
172.74
172.70
172.70
172.70
172.70
172.70
172.70
172.51
172.51
172.51
172.51
172.51
172.51
172.55
172.55
172.55
172.55
172.55
172.55
172.55
172.55
172.55
172.55
172.55
172.55
172.55
172.55
172.55
172.55
172.55
172.55
172.55
172.55
172.55
172.55
172.55
172.55
172.55
172.55
172.55
172.55
172.55
172.55
172.55
172.55
172.55
172.55
172.55
172.55
172.55
172.55
172.55
172.55
172.55
172.55
172.55
172.55
172.55
172.55
172.55
172.55
172.55
172.55
172.55
172.55
172.55
172.55
172.55
172.55
172.55
172.55
172.55
172.55
172.55
172.55
172.55
172.55
172.55
172.55
172.80
172.80
172.80
172.80
172.80
172.80
172.92
172.92
172.92
172.92
172.92
172.92
173.00
173.00
173.00
173.00
173.00
173.00
173.05
173.05
173.05
173.05
173.05
173.05
173.05
173.05
173.05
173.05
173.05
173.05
173.19
173.19
173.19
173.19
173.19
173.19
173.19
173.19
173.19
173.19
173.19
173.19
173.19
173.19
173.19
173.19
173.19
173.19
173.19
173.19
173.19
173.19
173.19
173.19
173.19
173.19
173.19
173.19
173.19
173.19
173.19
173.19
173.19
173.19
173.19
173.19
173.51
173.51
173.51
173.51
173.51
173.51
173.75
177.37
177.37
175.07
175.07
177.38
177.38
177.38
177.38
181.75
181.75
181.57
181.57
178.36
178.36
178.36
178.36
174.24
174.24
174.24
174.24
174.24
174.24
174.24
174.24
174.24
174.24
174.97
174.97
174.97
174.97
174.97
174.97
175.03
175.03
175.03
175.03
175.03
175.04
175.04
175.04
175.04
175.04
174.97
174.97
174.97
174.97
174.97
174.97
174.53
174.53
174.53
174.53
174.53
174.53
174.62
174.62
174.62
174.62
174.62
174.62
174.76
174.76
174.76
174.76
174.76
174.76
174.74
174.74
174.74
174.74
174.74
174.74
174.76
174.76
174.76
174.76
174.53
174.53
174.53
174.53
174.53
174.53
174.54
174.54
174.54
174.54
174.54
174.54
174.54
174.54
174.54
174.54
174.54
174.96
174.96
174.96
174.96
174.96
174.96
174.96
175.01
175.01
175.01
175.01
175.01
175.01
175.01
175.01
175.01
175.01
175.01
175.03
175.03
175.03
175.03
175.03
175.03
175.03
175.03
175.03
175.03
175.03
175.03
175.03
175.03
175.03
175.03
175.03
175.03
175.03
175.03
175.23
175.23
175.23
175.23
175.23
175.23
175.53
175.53
175.53
175.53
175.53
175.53
175.24
175.24
175.24
175.24
175.24
175.24
175.32
175.32
175.32
175.32
175.32
175.33
175.33
175.33
175.33
175.33
175.33
175.36
175.36
175.36
175.36
175.36
175.41
175.41
175.41
175.41
175.41
175.41
175.61
175.61
175.61
175.61
175.61
175.61
175.71
175.71
175.71
175.71
175.71
175.94
175.94
175.94
175.94
175.94
175.94
175.94
175.94
175.94
175.94
175.94
175.94
175.92
175.92
175.92
175.92
175.92
175.92
176.38
176.38
176.38
176.38
176.38
176.12
176.12
176.12
176.12
176.12
176.12
176.12
176.12
176.12
176.12
176.12
176.12
176.12
176.12
176.12
176.12
175.91
175.91
175.91
175.91
175.91
175.91
176.08
176.08
176.08
176.08
176.08
176.08
176.15
176.15
176.15
176.15
176.15
176.15
176.15
176.15
176.15
176.15
176.15
176.15
176.15
176.15
176.15
176.15
176.40
176.40
176.40
176.40
176.40
176.40
176.46
176.46
176.46
176.46
176.46
176.43
176.43
176.43
176.43
176.43
176.43
176.22
176.22
176.22
176.22
176.22
176.22
176.22
176.22
176.22
176.22
176.22
176.22
176.22
176.22
176.22
176.22
176.22
176.23
176.23
176.23
176.23
176.23
176.23
176.23
176.23
176.23
176.23
176.23
176.23
176.23
176.23
176.23
176.23
176.23
176.22
176.22
176.22
176.22
176.22
176.12
176.12
176.12
176.12
176.12
176.12
176.12
176.12
176.12
176.12
176.12
176.12
176.12
176.12
176.12
176.12
176.12
176.12
176.12
176.12
176.12
176.12
176.12
176.12
176.12
176.12
176.12
176.12
176.12
176.03
176.03
176.03
176.03
176.03
176.01
176.01
176.01
176.01
176.01
176.01
176.01
176.01
176.01
176.01
176.01
176.01
176.23
176.23
176.23
176.23
176.23
176.23
176.36
176.36
176.36
176.36
176.36
176.36
176.36
176.36
176.36
176.36
176.36
176.36
176.51
176.51
176.51
176.51
176.51
176.51
176.37
176.37
176.37
176.37
176.37
176.37
176.30
176.30
176.30
176.30
176.30
176.37
176.37
176.37
176.37
176.37
176.37
176.46
176.46
176.46
176.46
176.46
176.46
176.44
176.44
176.44
176.44
176.44
176.44
176.38
176.38
176.38
176.38
176.38
176.38
176.38
176.38
176.38
176.38
176.38
176.38
176.62
176.62
176.62
176.62
176.62
176.62
176.62
176.62
176.62
176.62
176.62
176.62
176.62
176.62
176.62
176.62
176.62
176.62
176.65
176.65
176.65
176.65
176.65
176.65
176.83
176.83
176.83
176.83
176.83
176.83
176.84
176.84
176.84
176.84
176.84
176.84
177.04
177.04
177.04
177.04
177.04
177.04
177.07
177.07
177.07
177.07
177.07
177.07
177.07
177.07
177.07
177.07
177.07
177.07
177.09
177.09
177.09
177.09
177.09
177.09
177.26
177.26
177.26
177.26
177.26
177.26
177.29
177.29
177.29
177.29
177.29
177.29
177.36
177.36
177.36
177.36
177.36
177.36
177.07
177.07
177.07
177.07
177.07
177.07
177.16
177.16
177.16
177.16
177.16
177.16
177.11
177.11
177.11
177.11
177.11
177.11
177.09
177.09
177.09
177.09
177.09
177.06
177.06
177.06
177.06
177.06
177.06
177.04
177.04
177.04
177.04
177.04
176.94
176.94
176.94
176.94
176.94
176.94
176.94
176.94
176.94
176.94
176.94
176.96
176.96
176.96
176.96
176.96
176.96
177.13
177.13
177.13
177.13
177.13
177.13
177.23
177.23
177.23
177.23
177.23
177.23
177.35
177.35
177.35
177.35
177.35
177.35
177.36
177.36
177.36
177.36
177.36
177.36
177.69
177.69
177.69
177.69
177.69
177.69
177.69
177.69
177.69
177.69
177.69
177.69
177.69
177.69
177.69
177.69
177.69
177.69
177.69
177.69
177.69
177.69
177.69
177.69
177.69
177.69
177.69
177.69
177.69
177.69
177.69
177.69
177.69
177.69
177.69
177.69
177.69
177.69
177.69
177.69
177.69
177.69
177.69
177.69
177.69
177.69
177.69
177.69
177.69
177.44
177.44
177.44
177.44
177.44
177.44
177.44
177.44
177.44
177.44
177.44
177.44
177.44
177.44
177.44
177.44
